1403636579763555584.000000 0.000000000 0.000000000 0.000000000 -0.000000000 -0.000000000 -0.000000000 1.000000000
1403636580063555584.000000 -0.001663392 0.131049737 0.040339641 -0.020611944 0.005998235 -0.000544279 0.999769390
1403636580863555584.000000 -0.012045219 0.139893845 0.038531601 -0.048955053 0.012356159 -0.012300095 0.998648822
1403636581063555584.000000 -0.018024297 -0.008139228 0.007864254 -0.020269262 0.019294133 -0.018997796 0.999427855
1403636581263555584.000000 -0.018561844 -0.114991993 -0.016717810 0.011274291 0.020981738 -0.011047991 0.999655247
1403636582163555584.000000 -0.000782040 0.252827197 0.066033587 -0.053174403 0.020290926 -0.009536140 0.998333514
1403636582263555584.000000 -0.003636286 0.260728210 0.066944510 -0.062536567 0.017681193 -0.010382085 0.997832060
1403636583063555584.000000 -0.004330077 -0.161267504 -0.034307171 0.017849948 0.041798636 -0.005531007 0.998951316
1403636586363555584.000000 0.005923017 0.108962007 -0.019105913 -0.166603103 0.043619692 0.012533515 0.984979033
1403636587613555456.000000 0.141029611 0.087268941 -0.007008286 -0.197531864 0.032545760 0.016057778 0.979624450
1403636588163555584.000000 0.325513840 0.084202200 0.012416252 -0.205115959 0.065999649 0.032018300 0.975984812
1403636589613555456.000000 -0.076808766 0.093012482 -0.038390897 -0.193500042 0.020639587 0.013784400 0.980786264
1403636589813555456.000000 -0.168205187 0.102381803 -0.044468150 -0.193954855 0.010659605 0.010929227 0.980891705
1403636589963555584.000000 -0.222182363 0.111936130 -0.048181158 -0.202016398 -0.002357553 0.009332499 0.979334831
1403636591613555456.000000 0.179380372 0.114890568 -0.018280553 -0.190570682 0.040906537 0.021454109 0.980586171
1403636592263555584.000000 0.245726466 0.097947642 0.065331854 -0.159149051 0.103594057 0.043171570 0.980854750
1403636592613555456.000000 0.235153377 0.063951388 0.164169118 -0.158270389 0.068555735 0.036806528 0.984325111
1403636592813555456.000000 0.175365672 0.051077027 0.216585815 -0.151914343 0.026686331 0.018175354 0.987866163
1403636592963555584.000000 0.099908128 0.050910935 0.227833599 -0.159644634 -0.017223448 0.009048807 0.986982822
1403636593113555456.000000 0.009320538 0.058733530 0.206159294 -0.167264894 -0.058946069 -0.003068269 0.984143496
1403636593313555456.000000 -0.105271302 0.079968229 0.139621079 -0.170954153 -0.103080451 -0.003864704 0.979864359
1403636593513555456.000000 -0.162742168 0.112752259 0.051363319 -0.178414136 -0.106080443 -0.006924090 0.978196025
1403636593713555456.000000 -0.149949551 0.152155355 -0.031038625 -0.192694440 -0.078670800 0.009173230 0.978057086
1403636593813555456.000000 -0.120090567 0.167737201 -0.065158136 -0.197288841 -0.048994306 0.022670800 0.978857875
1403636593913555456.000000 -0.078756027 0.177255660 -0.094748139 -0.191294715 -0.010521291 0.038086999 0.980737031
1403636594063555584.000000 -0.000865221 0.183062300 -0.119668700 -0.175604731 0.050312087 0.055935182 0.981581867
1403636594413555456.000000 0.201368108 0.164676249 -0.061198674 -0.171628281 0.135269210 0.071538799 0.973205149
1403636594763555584.000000 0.292436838 0.115772724 0.096767850 -0.143286347 0.129233986 0.063009419 0.979182065
1403636595013555456.000000 0.169879735 0.102710053 0.169543222 -0.135185942 0.058948934 0.032063507 0.988545299
1403636595463555584.000000 -0.100974068 0.138857573 0.114358224 -0.153998837 -0.076391608 -0.006640179 0.985091209
1403636595863555584.000000 0.019802693 0.187552884 -0.000071421 -0.164528787 -0.028599309 -0.006313691 0.985937417
1403636596013555456.000000 0.099888451 0.206252366 -0.035754107 -0.168024227 0.019281875 0.005370601 0.985579669
1403636596263555584.000000 0.136210218 0.228995174 -0.112156197 -0.172240764 0.064415663 0.027274232 0.982568026
1403636597613555456.000000 0.051654439 0.108624168 0.139211759 -0.158173963 -0.021898843 -0.026941348 0.986800671
1403636598413555456.000000 -0.016600084 0.215719804 -0.024608118 -0.188862965 -0.058976669 -0.054890625 0.978692770
1403636598763555584.000000 0.022101438 0.237195402 0.070732445 -0.144453272 -0.080285318 -0.055149425 0.984706104
1403636598863555584.000000 0.029903777 0.245947048 0.108080842 -0.121384077 -0.089775518 -0.051822636 0.987178147
1403636598963555584.000000 0.037796669 0.259170562 0.143160626 -0.101360612 -0.091414817 -0.049697343 0.989393532
1403636599113555456.000000 0.044975251 0.277680427 0.181935146 -0.075346850 -0.098502897 -0.045233082 0.991248727
1403636599163555584.000000 0.046224151 0.280901849 0.190775022 -0.062918350 -0.102958232 -0.042025745 0.991803765
1403636599713555456.000000 0.053424913 0.312136263 0.253958941 -0.008104573 -0.082465187 -0.031827077 0.996052623
1403636600013555456.000000 0.057871457 0.313299209 0.253540426 0.015959678 -0.083308861 -0.025066100 0.996080637
1403636610863555584.000000 0.059143651 0.313930303 0.252558619 0.019368060 -0.085795134 -0.018532032 0.995952129
1403636624813555456.000000 0.103302643 0.323039860 0.228306293 -0.003694618 -0.065764979 -0.037816375 0.997111440
1403636624963555584.000000 0.127683163 0.320489466 0.206905633 -0.019835373 -0.059014861 -0.061026175 0.996192575
1403636625113555456.000000 0.144698068 0.299244642 0.179057896 -0.036931239 -0.056964688 -0.070444703 0.995202839
1403636627763555584.000000 0.225700960 -0.052194577 0.112151369 -0.023131829 -0.060300108 -0.042231236 0.997018218
1403636629213555456.000000 0.483685464 -0.210971624 0.202295527 -0.027535494 0.011693514 -0.020498766 0.999342263
1403636629713555456.000000 0.638528645 -0.228329524 0.310722321 -0.025219882 0.069811583 0.013488039 0.997150183
1403636630013555456.000000 0.767287433 -0.193972617 0.398971945 -0.037384745 0.130423576 0.028179267 0.990352452
1403636630163555584.000000 0.836207986 -0.204116553 0.453860164 -0.023627279 0.146276832 0.031109257 0.988472104
1403636630313555456.000000 0.904802144 -0.229944870 0.504836202 -0.006943221 0.155218020 0.031164760 0.987364113
1403636630813555456.000000 1.120688438 -0.359306544 0.656022906 -0.018831125 0.151178390 0.021152660 0.988100708
1403636631863555584.000000 1.504643202 -0.428413153 1.086006999 -0.013290794 0.139323026 0.015240155 0.990040541
1403636633013555456.000000 1.744978070 -0.497844487 1.561630964 -0.019794870 0.059332013 -0.007909310 0.998010695
1403636634163555584.000000 1.977986455 -0.640895903 2.217079639 -0.027451698 0.032231003 0.007697114 0.999073744
1403636635013555456.000000 2.232439041 -0.852509022 2.782614231 -0.016782261 0.005007506 -0.030702541 0.999375105
1403636635813555456.000000 2.401057959 -1.077705860 3.310834408 -0.018407822 -0.011002938 -0.011465758 0.999704301
1403636636363555584.000000 2.581865311 -1.379033208 3.678610802 -0.007818371 -0.001742978 -0.029461952 0.999533832
1403636637563555584.000000 2.789663553 -1.619712830 4.293452263 -0.022753527 -0.010407787 -0.033993419 0.999108851
1403636638963555584.000000 2.842817783 -1.877195477 4.954302311 -0.024337944 -0.021670826 -0.023983655 0.999181092
1403636639913555456.000000 3.089907885 -1.971493483 5.627240658 -0.004912574 -0.021096829 -0.032819126 0.999226570
1403636641013555456.000000 3.339257717 -2.144392014 6.179521561 -0.010785150 -0.057660885 -0.052345116 0.996904671
1403636644063555584.000000 3.815500736 -2.398881197 6.893052578 -0.049703568 -0.002114403 -0.027819877 0.998374283
1403636645413555456.000000 4.269157410 -2.360690832 7.667499065 -0.051387835 0.004714203 -0.024222428 0.998373866
1403636646263555584.000000 4.585659981 -2.605562687 8.373016357 -0.011047953 0.046138890 0.011509505 0.998807669
1403636646863555584.000000 4.897258282 -2.849958181 8.817912102 0.007888885 0.153573900 0.030295225 0.987641156
1403636647963555584.000000 5.439815998 -3.126867533 9.258979797 0.007097402 0.164096043 0.038387556 0.985671639
1403636648863555584.000000 5.935743332 -3.011162519 9.377305031 -0.012697534 0.342982441 0.101938277 0.933707893
1403636650513555456.000000 6.620448112 -3.331309319 9.119135857 0.006043342 0.447309196 0.126461059 0.885373175
1403636652463555584.000000 6.728199959 -3.008108854 8.431025505 -0.004606697 0.620706677 0.202183113 0.757511795
1403636654013555456.000000 6.913482666 -2.816024780 7.695577621 0.010381561 0.640040755 0.184396833 0.745813549
1403636655013555456.000000 6.817358971 -2.714321852 7.307981014 0.004636483 0.717787147 0.219094068 0.660876632
1403636655913555456.000000 6.545668602 -2.506666899 7.053378582 0.012115426 0.764323115 0.259847313 0.590036154
1403636656613555456.000000 6.297100067 -2.380851746 6.744077206 0.001848484 0.793677688 0.267283827 0.546472073
1403636657513555456.000000 5.952965736 -2.209999084 6.333079815 0.022378474 0.786167562 0.263463795 0.558593392
1403636658463555584.000000 5.458172798 -1.898661494 5.774237633 -0.005813593 0.795871317 0.267346114 0.543213665
1403636659413555456.000000 5.172984600 -1.515153289 5.281144142 -0.000221730 0.802703857 0.248485461 0.542145252
1403636660263555584.000000 4.961602211 -1.215672374 5.114118576 -0.018006308 0.801063061 0.268346876 0.534755766
1403636661663555584.000000 5.131679535 -0.778845787 5.277190208 0.005177886 0.806899309 0.245450169 0.537253141
1403636663563555584.000000 5.036506653 -0.762550712 5.743957996 -0.037239648 0.798009813 0.282921344 0.530800402
1403636664813555456.000000 5.741214275 -0.673421502 6.127372742 0.000571495 0.793792009 0.237351567 0.559962511
1403636666413555456.000000 6.560170174 -1.096148372 6.985362053 0.023051862 0.789963007 0.244636685 0.561764956
1403636668063555584.000000 7.084801674 -1.330230236 7.623548031 0.001652416 0.778190613 0.263538659 0.570056200
1403636669313555456.000000 7.667031288 -1.304618359 8.095533371 0.001515623 0.799465120 0.235219225 0.552743256
1403636669813555456.000000 7.856033325 -1.347877264 8.427939415 0.028107578 0.802390516 0.218366772 0.554702997
1403636671513555456.000000 6.816343784 -1.497666836 7.876712322 0.001106439 0.599464893 0.196390629 0.775932550
1403636672413555456.000000 6.203031540 -1.395486593 6.679884434 -0.089749046 0.587575316 0.165926367 0.786872804
1403636675863555584.000000 7.091334343 -1.353747368 7.579421520 0.003527934 0.430922180 0.106978707 0.896018505
1403636676663555584.000000 7.396245480 -1.379108548 8.211866379 -0.024692181 0.269322634 0.051015429 0.961380839
1403636678013555456.000000 7.577150345 -1.627553105 9.209503174 -0.007257595 0.098962329 0.035659671 0.994425595
1403636679213555456.000000 7.629608154 -1.812319994 9.626454353 -0.002028218 -0.127945215 -0.092367984 0.987468541
1403636681363555584.000000 7.009385109 -1.902999401 9.172772408 -0.010988690 -0.231083050 -0.115121283 0.966036737
1403636683163555584.000000 6.002767563 -1.677367568 8.255118370 0.005553281 -0.232703134 -0.113545738 0.965880811
1403636684963555584.000000 5.190101624 -1.291526437 7.135261059 0.000975146 -0.258477420 -0.108418599 0.959913492
1403636686113555456.000000 4.844263077 -0.972990394 6.373713493 -0.014049337 -0.244632870 -0.109400749 0.963321805
1403636686863555584.000000 4.593240738 -0.807362258 5.914421558 -0.017772380 -0.246881038 -0.106326096 0.963030994
1403636687463555584.000000 4.415802479 -0.744212747 5.620999813 -0.007352832 -0.250680596 -0.104695059 0.962363839
1403636688063555584.000000 4.300499916 -0.517445385 5.391551495 -0.004204497 -0.251995355 -0.110260472 0.961417377
1403636688463555584.000000 4.237803459 -0.359642386 5.231981277 -0.007064857 -0.252542704 -0.109348282 0.961361170
1403636689013555456.000000 4.123473644 -0.125815481 5.004688263 -0.013532524 -0.262923896 -0.124362051 0.956672370
1403636689663555584.000000 3.903882027 -0.091025770 4.702387810 -0.033833358 -0.291020662 -0.119242482 0.948653579
1403636690613555456.000000 3.598199606 -0.232319117 4.653512478 -0.039301533 -0.287491918 -0.102749206 0.951444387
1403636691413555456.000000 3.657228470 -0.326275170 4.995987415 0.025695300 -0.297181368 -0.092459969 0.949986398
1403636691713555456.000000 3.855612993 -0.438118517 5.062580109 -0.003781622 -0.295298368 -0.118284225 0.948047161
1403636692763555584.000000 4.560171127 -0.867754579 5.128885269 -0.008509126 -0.283135593 -0.136499032 0.949278593
1403636693513555456.000000 4.844224453 -1.109312773 5.068501949 -0.046920676 -0.287108302 -0.131839409 0.947621107
1403636694663555584.000000 4.886173248 -1.271113873 5.309278965 -0.017109778 -0.293719292 -0.125203624 0.947502136
1403636698463555584.000000 4.621382713 -1.252933621 5.337202072 -0.015861776 -0.139528289 -0.081615768 0.986721456
1403636699613555456.000000 4.214675903 -1.035286307 5.140158653 -0.019617902 0.152643308 0.062087569 0.986133993
1403636701313555456.000000 4.396713734 -0.613179207 4.958565235 -0.027345756 0.289068788 0.085435219 0.953096151
1403636702413555456.000000 4.730070114 -0.534970820 4.862882137 -0.013586645 0.377076983 0.110931575 0.919414282
1403636703613555456.000000 5.175624847 -0.242874384 5.020162582 -0.009068264 0.389516681 0.109796189 0.914406538
1403636705063555584.000000 5.815874100 -0.193365216 5.207770824 -0.054696430 0.372376025 0.111719534 0.919708192
1403636705813555456.000000 6.273903370 -0.238356054 5.622103214 -0.024422126 0.374315470 0.102446340 0.921301365
1403636706163555584.000000 6.489090443 -0.296620488 5.850393295 0.007160846 0.364427388 0.120605230 0.923361182
1403636706813555456.000000 6.885518074 -0.346377134 6.227226734 -0.028087771 0.371488065 0.093782417 0.923261881
1403636708063555584.000000 7.551484585 -0.802580774 7.113665581 -0.015556909 0.376563489 0.110698260 0.919621587
1403636709063555584.000000 8.156767845 -0.870549440 7.876986504 0.007283639 0.390541553 0.082060635 0.916891694
1403636710713555456.000000 8.367642403 -1.073102474 8.979496002 0.007075437 0.330173463 0.105217896 0.938010991
1403636712263555584.000000 7.963688850 -1.282849550 9.595842361 0.013281629 0.263709217 0.066839896 0.962192059
1403636714613555456.000000 6.557651997 -1.553717732 8.736480713 -0.019560024 0.204317957 0.060278572 0.976851106
1403636717713555456.000000 6.035018444 -1.326001406 7.529726982 -0.005381203 -0.018282665 -0.050503947 0.998542011
1403636720263555584.000000 5.118347645 -0.689232588 6.413739204 -0.015003654 -0.154036492 -0.068599284 0.985566735
1403636725463555584.000000 4.827331543 -0.302323908 4.667328358 -0.012522466 0.113662817 0.019032260 0.993258119
1403636729963555584.000000 4.143636703 -0.508302510 3.225528002 -0.010158504 0.028530810 -0.019869275 0.999343812
1403636732813555456.000000 3.732232094 -0.188319191 2.607654333 0.017353917 0.027251394 -0.032944914 0.998934865
1403636734613555456.000000 3.209458828 -0.139635131 1.726227164 -0.014855466 0.014201676 -0.020002063 0.999588668
1403636738113555456.000000 2.217619896 -0.217145070 0.890523136 -0.021456571 -0.048895217 -0.027410183 0.998197138
1403636740113555456.000000 2.429051876 -0.111670136 0.962926388 -0.007407939 0.242758662 0.061231032 0.968124032
1403636743113555456.000000 2.805905104 0.678705156 1.198913336 -0.014752204 0.237840608 0.066168934 0.968935490
1403636744713555456.000000 3.237257004 1.186091185 1.833491564 0.017368779 0.286632121 0.094582923 0.953202188
1403636749463555584.000000 3.359985828 0.677172303 2.441499710 0.004046262 0.331780046 0.089912914 0.939053416
1403636751713555456.000000 3.081041813 -0.041787148 2.062393904 -0.003702861 0.287818819 0.098518230 0.952596903
1403636753113555456.000000 3.070111752 -0.443623424 1.920815110 -0.011159963 0.110359266 -0.005812443 0.993812144
1403636756713555456.000000 1.582306027 -0.298218518 1.085383296 0.000662380 -0.060644593 -0.053714294 0.996712923
1403636757463555584.000000 1.134939313 -0.209433600 0.724714458 -0.004870369 -0.064199612 -0.057812069 0.996249199
1403636760213555456.000000 0.057927467 0.108086161 0.159159377 -0.024917535 -0.105883814 -0.057739910 0.992387950
1403636761513555456.000000 -0.017425574 0.297953755 0.101268075 -0.021063808 -0.106034718 -0.066915937 0.991884708
1403636762363555584.000000 -0.118841238 0.257156670 0.106843457 -0.033302631 -0.095129468 -0.080122009 0.991676271
1403636762563555584.000000 -0.159896836 0.271563560 0.118771061 -0.032308672 -0.108346075 -0.039030932 0.992821157
1403636762663555584.000000 -0.177464813 0.287651718 0.134309724 -0.021642674 -0.115548663 -0.017953651 0.992903709
1403636762813555456.000000 -0.188921854 0.331492871 0.166098058 -0.010531168 -0.109842032 -0.037088875 0.993201017
1403636762863555584.000000 -0.185513988 0.353637576 0.175255790 0.022447774 -0.114083171 -0.027509019 0.992836535
1403636762913555456.000000 -0.182199493 0.353352994 0.172008097 0.034459874 -0.109924249 -0.033923894 0.992762983
1403636762963555584.000000 -0.172787338 0.354998559 0.173399299 0.005221179 -0.099442005 -0.050445173 0.993750155
1403636763113555456.000000 -0.131763503 0.376939386 0.152782202 0.005753343 -0.077854939 -0.018991578 0.996767223
1403636763313555456.000000 -0.129845783 0.375039995 0.158002213 0.007594176 -0.069955595 -0.009782774 0.997473240
