1403636579763555840.000000 0.000000000 0.000000000 0.000000000 -0.000000000 -0.000000000 -0.000000000 1.000000000
1403636579913555712.000000 0.000045975 0.010809282 0.004143592 -0.006025265 0.005746702 -0.002970953 0.999960959
1403636579963555584.000000 -0.000095246 0.015443970 0.005548258 -0.012117793 0.005786712 -0.003022318 0.999905288
1403636580113555456.000000 -0.000449799 0.030198250 0.009885769 -0.023353344 0.005518356 0.001613783 0.999710739
1403636580313555456.000000 -0.000921376 0.047464728 0.014176494 -0.033957805 0.004630579 -0.000115528 0.999412537
1403636580413555712.000000 -0.001192126 0.054142348 0.015226340 -0.047033720 0.003514938 -0.001861119 0.998885393
1403636580513555456.000000 -0.001547519 0.057849601 0.015561812 -0.064264886 0.002946933 -0.002605482 0.997925162
1403636580763555840.000000 -0.002292363 0.041003563 0.011040026 -0.063152909 0.003901355 -0.006208670 0.997976959
1403636587313555456.000000 0.011558892 0.018229602 -0.003892729 -0.194464758 0.026242001 0.004235088 0.980549276
1403636588063555840.000000 0.058426350 0.015506859 0.002929324 -0.200271383 0.065049388 0.029366560 0.977137446
1403636588163555584.000000 0.063097790 0.016168768 0.003381316 -0.205836982 0.066462956 0.030202176 0.975859463
1403636589363555584.000000 0.008409341 0.016776264 -0.005115359 -0.195033208 0.028226236 0.018599901 0.980213940
1403636589713555456.000000 -0.023546996 0.018890221 -0.007660734 -0.192155063 0.016883491 0.010584008 0.981162250
1403636589913555712.000000 -0.039377250 0.021374619 -0.008856586 -0.200467020 0.001224381 0.007520913 0.979670823
1403636590013555456.000000 -0.045388699 0.022547618 -0.009378037 -0.201522395 -0.008113651 0.008037161 0.979417324
1403636590113555456.000000 -0.049756389 0.022659710 -0.009910850 -0.195796221 -0.014460993 0.007208164 0.980511487
1403636590263555840.000000 -0.052026622 0.022436393 -0.010408422 -0.189763054 -0.018365661 0.005601862 0.981642187
1403636590713555456.000000 -0.029430063 0.020231988 -0.012227488 -0.187081084 0.007868459 0.002038059 0.982310832
1403636590863555584.000000 -0.016646458 0.019868713 -0.011756944 -0.194292516 0.013057196 0.007505315 0.980828047
1403636591213555456.000000 0.014324092 0.019270761 -0.008810312 -0.197327331 0.015646599 0.013362957 0.980121732
1403636591513555456.000000 0.031467572 0.021358136 -0.004887391 -0.200656876 0.026866974 0.018609472 0.979116321
1403636591663555584.000000 0.036124039 0.022471759 -0.001590961 -0.182142124 0.047619637 0.020349510 0.981907606
1403636591813555456.000000 0.038367856 0.022585347 0.001094156 -0.150222704 0.065028250 0.017863424 0.986349523
1403636592113555456.000000 0.043542657 0.020333435 0.007466066 -0.146386951 0.093579940 0.034549221 0.984184980
1403636592263555840.000000 0.047568325 0.018720422 0.013594299 -0.160005748 0.103559904 0.042121969 0.980764627
1403636592913555712.000000 0.024417723 0.009340065 0.044797193 -0.156882614 -0.002711367 0.010585461 0.987556815
1403636593713555456.000000 -0.028850839 0.029547872 -0.005544097 -0.193325952 -0.079142593 0.007398320 0.977909446
1403636593863555584.000000 -0.018963959 0.033941675 -0.014998422 -0.195446029 -0.032086786 0.028676821 0.979769886
1403636594063555840.000000 0.000859324 0.035789918 -0.022241674 -0.176027656 0.048402380 0.055813339 0.981609106
1403636594213555456.000000 0.017410070 0.035214901 -0.021520462 -0.173586756 0.097801164 0.071209237 0.977359653
1403636594363555584.000000 0.033971667 0.033145148 -0.014525277 -0.174746796 0.128272742 0.072942682 0.973493218
1403636594563555840.000000 0.052820131 0.027718624 0.002089142 -0.157218754 0.141138673 0.063770361 0.975343823
1403636594763555840.000000 0.056611497 0.022157682 0.019645873 -0.144060925 0.129205018 0.062533185 0.979102731
1403636594913555712.000000 0.045642972 0.020147413 0.030347545 -0.138328373 0.094817527 0.046233237 0.984752476
1403636595913555712.000000 0.009666549 0.037717849 -0.001165452 -0.165012166 -0.013005231 -0.003351872 0.986200094
1403636596063555840.000000 0.023646455 0.041262493 -0.008745302 -0.170555517 0.033866394 0.008742436 0.984727144
1403636596263555840.000000 0.026768032 0.044415526 -0.020988092 -0.172846586 0.064109899 0.026627852 0.982499361
1403636596513555456.000000 0.010067682 0.045214929 -0.039489239 -0.160272539 0.065251172 0.024268821 0.984614670
1403636596713555456.000000 -0.001761587 0.045882281 -0.048908118 -0.161400348 0.062327579 0.017259618 0.984767616
1403636596963555584.000000 -0.002106535 0.044419009 -0.040645033 -0.152762786 0.062524423 0.003809728 0.986275733
1403636597213555456.000000 0.006120943 0.037022267 -0.014079195 -0.174469590 0.049817275 -0.000452004 0.983401477
1403636598363555584.000000 -0.004244929 0.040311940 -0.004016724 -0.186385423 -0.063019991 -0.056828186 0.978805125
1403636598513555456.000000 -0.000732321 0.044206385 -0.001732832 -0.185691297 -0.055540513 -0.059388474 0.979237974
1403636598663555584.000000 0.002406319 0.045034245 0.006990119 -0.165314659 -0.066184565 -0.058593646 0.982271612
1403636598963555584.000000 0.007158726 0.050033443 0.028486634 -0.101279810 -0.090945370 -0.051184986 0.989369214
1403636599413555712.000000 0.009392421 0.056298211 0.045539115 -0.002175060 -0.100048117 -0.034999926 0.994364440
1403636599763555840.000000 0.010351125 0.060158707 0.050260328 0.000589897 -0.083911441 -0.032143306 0.995954454
1403636623613555456.000000 0.011435135 0.060506351 0.050132073 0.020090861 -0.085237518 -0.018596876 0.995984495
1403636624363555584.000000 0.011768778 0.060499273 0.049842075 0.010552678 -0.080123387 -0.019598022 0.996536434
1403636624563555840.000000 0.014046480 0.060982790 0.048501253 -0.005197211 -0.073466212 -0.020216180 0.997079253
1403636624763555840.000000 0.018298903 0.061914168 0.046263181 -0.000832269 -0.067859136 -0.031005774 0.997212648
1403636624913555712.000000 0.023029933 0.062360220 0.042816319 -0.013730338 -0.060997851 -0.054053448 0.996578634
1403636625063555840.000000 0.027046265 0.059533522 0.037629668 -0.031474788 -0.056129348 -0.070289783 0.995448709
1403636625263555840.000000 0.028930929 0.050232258 0.031064278 -0.034624916 -0.061626174 -0.059244815 0.995737612
1403636625513555456.000000 0.029100509 0.047945116 0.029818665 -0.034791131 -0.066088185 -0.055230197 0.995676458
1403636625713555456.000000 0.028009655 0.046548091 0.032343052 -0.031198457 -0.068553142 -0.057200789 0.995517552
1403636627163555584.000000 0.032062333 0.001086304 0.033749875 -0.017845152 -0.081527099 -0.055427115 0.994968712
1403636627563555840.000000 0.038693633 -0.010904813 0.025006896 -0.007256587 -0.078461707 -0.046902601 0.995786726
1403636627863555584.000000 0.046448581 -0.007549711 0.022508031 -0.033431716 -0.046646435 -0.041099444 0.997505546
1403636628113555456.000000 0.052417520 -0.008309713 0.024691282 -0.032960936 -0.025562568 -0.037746891 0.998416424
1403636629013555456.000000 0.083034791 -0.035036605 0.036250535 -0.026356924 -0.003729712 -0.024097543 0.999355197
1403636629213555456.000000 0.093732841 -0.041745376 0.039925754 -0.027390324 0.011916013 -0.020424226 0.999345124
1403636629413555712.000000 0.104849942 -0.046276189 0.047163479 -0.017430646 0.026708623 -0.007413870 0.999463797
1403636629813555456.000000 0.132625371 -0.042487085 0.066503450 -0.032674193 0.091676712 0.017982347 0.995090187
1403636629963555584.000000 0.145349503 -0.038339745 0.077098645 -0.036898505 0.122433744 0.027180994 0.991418004
1403636630163555584.000000 0.162099794 -0.039915517 0.092090383 -0.023129186 0.145995528 0.032189809 0.988490880
1403636630613555456.000000 0.200321510 -0.063016653 0.120875873 -0.016256502 0.156961545 0.024326351 0.987171233
1403636630913555712.000000 0.223748282 -0.075565897 0.140308559 -0.018207133 0.147774532 0.025074689 0.988535523
1403636631913555712.000000 0.292002439 -0.088047706 0.221998334 -0.014472140 0.140111119 0.015335552 0.989911258
1403636632163555584.000000 0.305795729 -0.094782002 0.240606099 -0.010056062 0.142706886 0.010233437 0.989661038
1403636633463555584.000000 0.351410836 -0.110730827 0.354938716 -0.026686536 0.024488503 -0.015155109 0.999228954
1403636633663555584.000000 0.357621729 -0.112077020 0.378710270 -0.034075055 0.027380079 -0.011563510 0.998977244
1403636633813555456.000000 0.363735199 -0.114932016 0.396106660 -0.032497685 0.031080609 -0.008553623 0.998951852
1403636634563555840.000000 0.404083699 -0.152946189 0.492578030 -0.007943285 0.033336017 -0.015385511 0.999294221
1403636634713555456.000000 0.412926406 -0.158283681 0.512733877 -0.005944897 0.025323752 -0.022630379 0.999405444
1403636634863555584.000000 0.420527279 -0.163616031 0.531880677 -0.011773653 0.015099099 -0.026371215 0.999468863
1403636635013555456.000000 0.427809328 -0.171332866 0.549971819 -0.016424349 0.006133977 -0.030678872 0.999375522
1403636635213555456.000000 0.436258137 -0.181160852 0.573928595 -0.021957075 -0.000897079 -0.034162655 0.999174654
1403636635413555712.000000 0.443374842 -0.188349456 0.599892378 -0.028001258 -0.007512915 -0.025573371 0.999252498
1403636635563555840.000000 0.449408889 -0.195133165 0.619360149 -0.027980028 -0.009385067 -0.020210506 0.999360085
1403636635763555840.000000 0.457848758 -0.210370779 0.645429492 -0.022081608 -0.009189853 -0.015488544 0.999593973
1403636635963555584.000000 0.467865616 -0.230715573 0.670432270 -0.020637486 -0.010943031 -0.003123905 0.999722302
1403636636163555584.000000 0.481345266 -0.250683755 0.696346343 -0.030941665 -0.004466355 -0.018182110 0.999345839
1403636636313555456.000000 0.491580129 -0.267655611 0.716581702 -0.014015992 -0.001269969 -0.028003370 0.999508798
1403636636513555456.000000 0.505691230 -0.291326880 0.741190851 0.011163298 0.000060195 -0.033762112 0.999367535
1403636636713555456.000000 0.518390596 -0.305878609 0.764375925 0.012694306 0.005550657 -0.049986355 0.998653829
1403636636963555584.000000 0.528018236 -0.314030349 0.790849507 0.005376357 0.005783393 -0.055773512 0.998412251
1403636637263555840.000000 0.532791793 -0.315657258 0.818164349 -0.013373741 -0.005754829 -0.033777051 0.999323368
1403636637663555584.000000 0.535416186 -0.327822685 0.849583805 -0.023887154 -0.011073566 -0.032538842 0.999123633
1403636637913555712.000000 0.535603762 -0.347192168 0.867473483 -0.016030880 -0.013197123 -0.034207474 0.999199033
1403636638313555456.000000 0.535332561 -0.360723734 0.901549041 -0.007384330 -0.016056320 -0.032121889 0.999327719
1403636638513555456.000000 0.535871446 -0.358663142 0.919881165 -0.043027975 -0.022051305 -0.014787125 0.998721063
1403636638663555584.000000 0.538106799 -0.359352291 0.935080647 -0.048190352 -0.020410471 -0.021129131 0.998406053
1403636638813555456.000000 0.541135073 -0.364122897 0.952468395 -0.034556311 -0.018441500 -0.029004540 0.998811543
1403636639013555456.000000 0.545159638 -0.377215385 0.975582004 -0.023953801 -0.022658579 -0.018877117 0.999277949
1403636639663555584.000000 0.579571664 -0.389167428 1.066092134 -0.016337730 -0.015612280 -0.044208501 0.998766720
1403636640063555840.000000 0.600516975 -0.397743970 1.120482922 -0.003423579 -0.023890050 -0.034413725 0.999116242
1403636641513555456.000000 0.653295815 -0.428729296 1.248512864 -0.007008815 -0.056827638 -0.039713986 0.997569203
1403636641713555456.000000 0.660235345 -0.429819971 1.261422873 -0.006606267 -0.053679265 -0.046342071 0.997460425
1403636641913555712.000000 0.665824354 -0.435266346 1.271101594 -0.005291993 -0.051278852 -0.047162876 0.997556090
1403636642563555840.000000 0.684755445 -0.452170014 1.293021679 -0.003229516 -0.002749249 -0.028588753 0.999582291
1403636643413555712.000000 0.708153784 -0.452136993 1.320510507 -0.015849676 0.002015567 -0.020473076 0.999662757
1403636643613555456.000000 0.714271307 -0.456285089 1.327396750 -0.030417856 0.000589201 -0.021347603 0.999309123
1403636643963555584.000000 0.726741970 -0.473846465 1.343719602 -0.047597341 -0.000737100 -0.027309317 0.998492956
1403636644113555456.000000 0.732708931 -0.478921890 1.355150938 -0.049655635 -0.000545863 -0.028287442 0.998365581
1403636644513555456.000000 0.749756217 -0.488149017 1.399424314 -0.004573402 -0.011271248 0.004056545 0.999917805
1403636644663555584.000000 0.758423567 -0.486737013 1.418763995 0.000403326 -0.011096952 0.005087387 0.999925435
1403636644813555456.000000 0.770421922 -0.481808275 1.436316609 0.000804018 -0.001788546 -0.019572981 0.999806523
1403636645813555456.000000 0.845438123 -0.484576732 1.565521717 -0.036278550 0.007374682 -0.025302136 0.998994172
1403636645963555584.000000 0.855857074 -0.494577348 1.590699792 -0.033236332 0.007481828 -0.021614848 0.999185801
1403636646113555456.000000 0.866474092 -0.509001195 1.616128802 -0.022107352 0.019210562 -0.008133383 0.999537945
1403636646263555840.000000 0.877540052 -0.523562133 1.642549396 -0.012162373 0.048034444 0.011346216 0.998707175
1403636646813555456.000000 0.931609452 -0.564873934 1.722311258 0.007546295 0.152806267 0.031151198 0.987736285
1403636647213555456.000000 0.967950225 -0.597639859 1.759890795 -0.008317864 0.159920469 0.032207206 0.986569285
1403636647413555712.000000 0.986688197 -0.607461512 1.778212547 -0.003239321 0.155233249 0.034742281 0.987261415
1403636647663555584.000000 1.010457277 -0.616443455 1.798950434 0.013128345 0.149026856 0.040854383 0.987901628
1403636647963555584.000000 1.039970398 -0.624890268 1.814618230 0.006765102 0.167437211 0.039902933 0.985051692
1403636648213555456.000000 1.066403389 -0.624899328 1.826442957 0.005522656 0.220122457 0.056946956 0.973792970
1403636649313555456.000000 1.177643657 -0.626538932 1.835075140 0.001677413 0.352849573 0.092295013 0.931115508
1403636649613555456.000000 1.203700066 -0.650082231 1.827133179 0.001073894 0.342962474 0.091657341 0.934866071
1403636649863555584.000000 1.224133968 -0.668657899 1.818052769 0.012008686 0.357958496 0.095221505 0.928791940
1403636650113555456.000000 1.242720485 -0.677029371 1.807370424 0.013615442 0.372727096 0.096933112 0.922763884
1403636651113555456.000000 1.289013863 -0.655292153 1.763687372 0.009511269 0.503276408 0.140373945 0.852594674
1403636651613555456.000000 1.293836832 -0.656283975 1.727992535 0.004768827 0.490274966 0.139151260 0.860374689
1403636651963555584.000000 1.293735862 -0.648505569 1.705251813 0.025610853 0.504432023 0.157083288 0.848656237
1403636652213555456.000000 1.292521834 -0.631862760 1.682414412 0.012304720 0.564078808 0.172643036 0.807377279
1403636652463555584.000000 1.287700772 -0.610515237 1.659216166 -0.007693818 0.624470949 0.206751555 0.753147244
1403636653163555584.000000 1.296149969 -0.585759223 1.591194153 -0.013784639 0.657005072 0.213204846 0.722978592
1403636653363555584.000000 1.305341005 -0.580033422 1.573758006 -0.001558431 0.655921280 0.196499258 0.728802443
1403636653913555712.000000 1.319635630 -0.575932622 1.527090669 0.007400481 0.647380352 0.183254778 0.739771426
1403636654063555840.000000 1.319786787 -0.570455432 1.516119719 0.008010087 0.644421220 0.190708309 0.740464389
1403636654413555712.000000 1.316827536 -0.560920477 1.493279576 0.004395735 0.670296192 0.201377541 0.714234471
1403636654863555584.000000 1.305250645 -0.558381200 1.456184864 -0.004492644 0.714120567 0.229457438 0.661332667
1403636655363555584.000000 1.288204432 -0.541660547 1.427546978 0.019086054 0.734151304 0.217252910 0.643007576
1403636655463555584.000000 1.282215357 -0.538625956 1.422285795 0.021543512 0.739566386 0.219246477 0.636009753
1403636655563555840.000000 1.275477409 -0.535349667 1.416793942 0.019418970 0.745926797 0.225896925 0.626248121
1403636655963555584.000000 1.244207263 -0.510713995 1.395107031 0.009623395 0.774392962 0.267151803 0.573456824
1403636656063555840.000000 1.237478375 -0.503064096 1.388878465 0.011474410 0.783801913 0.270151436 0.559053779
1403636656263555840.000000 1.222841024 -0.493412465 1.374461651 0.003548992 0.795381546 0.272854269 0.541208029
1403636656463555584.000000 1.209146142 -0.490642130 1.355520606 -0.000021735 0.797705472 0.275799632 0.536284029
1403636656613555456.000000 1.199622154 -0.491694897 1.340167046 -0.001753486 0.798404336 0.271849692 0.537257075
1403636656713555456.000000 1.194599271 -0.490661144 1.329824924 0.005634622 0.800688088 0.261041701 0.539188325
1403636657063555840.000000 1.173707962 -0.479809046 1.298383713 0.018601481 0.802778959 0.239688501 0.545664132
1403636657213555456.000000 1.162000537 -0.471873611 1.286065817 0.024994750 0.799703360 0.243113518 0.548402786
1403636657313555456.000000 1.152547836 -0.467561811 1.278342128 0.023348963 0.797619462 0.248522371 0.549085319
1403636657413555712.000000 1.142873168 -0.463706255 1.269768119 0.021801719 0.794667184 0.257836759 0.549134851
1403636657813555456.000000 1.100408912 -0.440805137 1.236538172 0.017725999 0.792191446 0.274077326 0.544977188
1403636657913555712.000000 1.090315461 -0.432791591 1.226986170 0.021703778 0.791078329 0.282130778 0.542334080
1403636658013555456.000000 1.079238415 -0.426309526 1.216335773 0.021019954 0.791015089 0.286637872 0.540085196
1403636658213555456.000000 1.058253169 -0.416470885 1.191038847 0.005015373 0.797154486 0.278597564 0.535633266
1403636658313555456.000000 1.048476458 -0.410201430 1.176920891 -0.002073863 0.799623370 0.273971081 0.534357607
1403636658413555712.000000 1.039327741 -0.403567195 1.162685394 -0.006730292 0.800771892 0.272677720 0.533259869
1403636658513555456.000000 1.030204892 -0.396631062 1.149535656 -0.012830135 0.802190363 0.270034403 0.532360256
1403636658613555456.000000 1.022480130 -0.389307439 1.136525154 -0.019766551 0.804226995 0.265108854 0.531550109
1403636658713555456.000000 1.015165567 -0.382379502 1.123694897 -0.022097617 0.805293798 0.262612164 0.531082332
1403636658813555456.000000 1.009015441 -0.374755383 1.111638546 -0.024630934 0.807939708 0.254801065 0.530757129
1403636658963555584.000000 1.001134157 -0.363385588 1.096075892 -0.015147319 0.810338616 0.248811454 0.530296743
1403636659113555456.000000 0.994261146 -0.350822449 1.082908750 -0.002698165 0.811283410 0.245784566 0.530473292
1403636659363555584.000000 0.981055617 -0.329876006 1.064752698 -0.001293450 0.809802115 0.248937875 0.531271040
1403636659463555584.000000 0.975179911 -0.323106974 1.059235334 -0.007875267 0.807742357 0.255648851 0.531162798
1403636659563555840.000000 0.969120979 -0.318669409 1.052841544 -0.009183472 0.807249010 0.257544428 0.530976057
1403636659663555584.000000 0.964135528 -0.313924193 1.046495914 -0.009012749 0.808806300 0.254211098 0.530214846
1403636659963555584.000000 0.948968172 -0.294038236 1.033868313 -0.010478709 0.810634553 0.255651772 0.526691675
1403636660113555456.000000 0.941877604 -0.282144070 1.031454682 -0.017954079 0.808358192 0.266298383 0.524709344
1403636660263555840.000000 0.936559439 -0.268617332 1.029464841 -0.022622876 0.806814969 0.272125930 0.523913562
1403636660463555584.000000 0.933211565 -0.254851818 1.026636243 -0.035539322 0.801129520 0.288716018 0.523040593
1403636660863555584.000000 0.942582011 -0.229576573 1.021932840 -0.026554303 0.816120982 0.241361529 0.524391115
1403636661013555456.000000 0.948545337 -0.217523172 1.024731517 -0.021329932 0.816795111 0.238007993 0.525112391
1403636661113555456.000000 0.952738047 -0.209826544 1.028939009 -0.013971272 0.816214085 0.240391836 0.525177300
1403636661213555456.000000 0.956880093 -0.201806739 1.033648252 -0.007774197 0.815879583 0.241445154 0.525342107
1403636661363555584.000000 0.962098479 -0.192344353 1.041559458 -0.003757309 0.815149307 0.243204340 0.525708199
1403636661813555456.000000 0.971899867 -0.186411738 1.068173409 0.010271502 0.810982525 0.252279192 0.527785063
1403636662113555456.000000 0.971192002 -0.196152747 1.082879066 0.016152008 0.810476780 0.250195801 0.529403925
1403636662213555456.000000 0.969159126 -0.199843153 1.087597609 0.007777278 0.811523795 0.248208702 0.528924525
1403636662763555840.000000 0.956954360 -0.206319496 1.123330951 0.009111253 0.805079997 0.276426107 0.524739623
1403636662913555712.000000 0.954755068 -0.203548595 1.132885575 0.011350472 0.803469598 0.282268643 0.524053574
1403636663063555840.000000 0.952041388 -0.199180126 1.141682029 0.012090690 0.799661994 0.294438690 0.523163795
1403636663263555840.000000 0.949887633 -0.194740579 1.146768689 -0.000006693 0.800722182 0.294098139 0.521871865
1403636663563555840.000000 0.952394009 -0.180942237 1.150007606 -0.042169109 0.803146660 0.287026227 0.520377874
1403636663713555456.000000 0.958878279 -0.171588570 1.152626634 -0.048553694 0.803344488 0.285479933 0.520366549
1403636664163555584.000000 1.004707098 -0.163476884 1.162322283 -0.044287387 0.813446820 0.239026904 0.528402388
1403636664313555456.000000 1.024815083 -0.167102531 1.171342373 -0.024036167 0.811665416 0.236899555 0.533385575
1403636664463555584.000000 1.045214057 -0.165618956 1.184603214 -0.015020578 0.809003294 0.236345083 0.537986100
1403636664813555456.000000 1.089525104 -0.160978854 1.222135544 -0.004632492 0.799314618 0.240649849 0.550601780
1403636665213555456.000000 1.132893920 -0.175343513 1.264790773 -0.009989615 0.786636472 0.260458261 0.559700727
1403636665463555584.000000 1.159630060 -0.189773500 1.287818193 -0.000668670 0.787902474 0.254648864 0.560681045
1403636665663555584.000000 1.180320740 -0.201837301 1.305677891 -0.019521303 0.791916370 0.247806937 0.557744682
1403636666013555456.000000 1.217393994 -0.226849735 1.340935946 0.012942740 0.793113291 0.253969014 0.553447008
1403636666213555456.000000 1.235808372 -0.237750068 1.362442255 0.010182535 0.795781434 0.249020994 0.551920891
1403636666413555712.000000 1.251680493 -0.243110210 1.384232759 0.018141888 0.794320941 0.250306368 0.553237617
1403636666813555456.000000 1.273805499 -0.260317594 1.421692610 -0.008334749 0.786345720 0.262842357 0.559021354
1403636667313555456.000000 1.305813670 -0.274568230 1.457946420 -0.001472269 0.790186226 0.244094193 0.562157989
1403636667513555456.000000 1.318417907 -0.274635553 1.471297503 -0.007883312 0.788102806 0.247081369 0.563722253
1403636667713555456.000000 1.330369473 -0.277480155 1.486900568 -0.004999288 0.780074835 0.269389331 0.564701378
1403636668213555456.000000 1.365538955 -0.284921676 1.514410257 -0.009453845 0.785359204 0.264921904 0.559408545
1403636668663555584.000000 1.404575229 -0.274523288 1.543062210 -0.015019418 0.793783009 0.260169476 0.549540579
1403636668863555584.000000 1.424818754 -0.268620282 1.556873322 -0.026058188 0.801057935 0.242438972 0.546672106
1403636669013555456.000000 1.440147638 -0.270284027 1.569603086 -0.018518899 0.803471684 0.236386672 0.546087682
1403636669163555584.000000 1.455091476 -0.275492638 1.583297372 -0.004283746 0.802712619 0.240493655 0.545707822
1403636669313555456.000000 1.469066143 -0.279841363 1.598276138 -0.002151036 0.803449690 0.239923567 0.544885874
1403636669463555584.000000 1.482957959 -0.283440411 1.615072966 0.000997703 0.803779066 0.239285752 0.544683933
1403636669613555456.000000 1.494470119 -0.284171969 1.634649992 0.007607064 0.806601822 0.228647545 0.545028389
1403636669813555456.000000 1.506361723 -0.289524734 1.661473513 0.024305552 0.806221604 0.223844767 0.547091961
1403636670013555456.000000 1.510405183 -0.298595190 1.688820362 0.053807266 0.790869594 0.261395305 0.550729215
1403636670263555840.000000 1.505531907 -0.313444942 1.713538408 0.080731988 0.778376639 0.272693962 0.559687674
1403636670463555584.000000 1.494001746 -0.319459438 1.724152565 0.096269183 0.762547493 0.280100524 0.575149775
1403636673013555456.000000 1.178037763 -0.271510959 1.274876475 -0.029086048 0.572192311 0.167532891 0.802298367
1403636673313555456.000000 1.176921844 -0.265499741 1.266268253 -0.061324470 0.536452830 0.169180989 0.824521422
1403636673663555584.000000 1.191425681 -0.269848228 1.270565510 -0.049821932 0.527137518 0.155636892 0.833919048
1403636675063555840.000000 1.268245935 -0.261184365 1.399504185 -0.037353266 0.469585121 0.177890003 0.863973260
1403636676313555456.000000 1.396330357 -0.282534480 1.561927795 -0.024687983 0.348168671 0.077462368 0.933899701
1403636676563555840.000000 1.413634419 -0.282021224 1.601022243 -0.031017976 0.294949293 0.048574597 0.953773201
1403636676763555840.000000 1.423038244 -0.291252613 1.632749557 -0.019846108 0.260326624 0.058229204 0.963558793
1403636677063555840.000000 1.437930346 -0.308918744 1.680290461 -0.015116101 0.240005493 0.060024362 0.968796134
1403636678413555712.000000 1.462877035 -0.349762559 1.840382457 -0.012381593 0.041997194 -0.009705132 0.998993874
1403636678613555456.000000 1.466828465 -0.359816849 1.853373170 -0.014219080 0.004466677 -0.023342716 0.999616444
1403636679213555456.000000 1.465607166 -0.373921454 1.888200045 -0.004594390 -0.122753121 -0.093459755 0.988016129
1403636679663555584.000000 1.448378801 -0.379872948 1.902492642 -0.006834289 -0.229681626 -0.099864922 0.968104661
1403636679863555584.000000 1.444511414 -0.389678150 1.903355360 -0.000289830 -0.244666204 -0.109880604 0.963361144
1403636680063555840.000000 1.440916657 -0.403496027 1.899876475 0.013568225 -0.239844412 -0.132261857 0.961663842
1403636680263555840.000000 1.435867548 -0.415775239 1.891635299 0.021293920 -0.233640611 -0.142086387 0.961649656
1403636680463555584.000000 1.427372694 -0.420815170 1.879917026 0.017712342 -0.221679464 -0.159059450 0.961896360
1403636680613555456.000000 1.418827295 -0.421214581 1.867041111 0.011714346 -0.218657091 -0.155973196 0.963184416
1403636680763555840.000000 1.405659676 -0.418264449 1.853019834 0.003580466 -0.220259681 -0.140977874 0.965193331
1403636681413555712.000000 1.341311574 -0.391806692 1.794236302 -0.009636278 -0.227908224 -0.115637504 0.966743469
1403636681613555456.000000 1.319680691 -0.387454271 1.777643442 -0.004540717 -0.231313780 -0.114377663 0.966121674
1403636682263555840.000000 1.249940276 -0.371865243 1.715013385 -0.009423505 -0.242195293 -0.110833295 0.963830233
1403636682513555456.000000 1.223294020 -0.364521831 1.688260555 -0.018079806 -0.239158735 -0.112407625 0.964282513
1403636682713555456.000000 1.202229023 -0.356796682 1.670211315 -0.003375636 -0.236238956 -0.111958995 0.965217590
1403636683163555584.000000 1.156756401 -0.345412791 1.620467186 0.003891685 -0.230891332 -0.115542077 0.966087043
1403636683363555584.000000 1.136270761 -0.335369021 1.596855879 -0.000695848 -0.235736892 -0.110976659 0.965459406
1403636683563555840.000000 1.116401553 -0.322437614 1.572965503 -0.002532570 -0.239818558 -0.109375857 0.964633405
1403636683763555840.000000 1.096090913 -0.308159441 1.548531413 -0.012738759 -0.241654277 -0.109346561 0.964097619
1403636683963555584.000000 1.076457024 -0.297180265 1.523906350 -0.018603859 -0.244105458 -0.110368952 0.963267922
1403636684213555456.000000 1.053098679 -0.292073041 1.492696762 -0.010921164 -0.249568626 -0.109432213 0.962091923
1403636684463555584.000000 1.030792475 -0.289518535 1.460560083 -0.003665766 -0.254301965 -0.107917979 0.961077929
1403636684663555584.000000 1.015327215 -0.282836676 1.436344028 -0.002545344 -0.258904874 -0.100753702 0.960630298
1403636684863555584.000000 1.002635002 -0.271733165 1.412670970 -0.001170540 -0.259045660 -0.101343766 0.960532904
1403636685613555456.000000 0.961761713 -0.235515580 1.317023873 -0.010101357 -0.240544349 -0.116289377 0.963593900
1403636685813555456.000000 0.950210094 -0.223055884 1.291821718 -0.005173288 -0.238195881 -0.120189585 0.963737786
1403636686013555456.000000 0.936860859 -0.207561478 1.266633272 -0.008217376 -0.239976496 -0.115735658 0.963820040
1403636686813555456.000000 0.884884953 -0.169943944 1.169027209 -0.018878417 -0.243259653 -0.108848803 0.963649452
1403636687013555456.000000 0.872323215 -0.163610548 1.148404837 -0.014772315 -0.246175960 -0.105638668 0.963337779
1403636687313555456.000000 0.854828835 -0.159768820 1.119321823 -0.011659908 -0.247709185 -0.105057821 0.963050902
1403636688263555840.000000 0.819155991 -0.094417065 1.046704412 -0.003841725 -0.248575434 -0.114749067 0.961783826
1403636688863555584.000000 0.799230933 -0.045917720 1.000339270 -0.007578060 -0.249039143 -0.129207626 0.959805965
1403636689063555840.000000 0.789018214 -0.032345336 0.981902480 -0.015757222 -0.264432609 -0.124688752 0.956179798
1403636689263555840.000000 0.776355624 -0.025092419 0.963123381 -0.023949567 -0.277673125 -0.122365668 0.952549577
1403636689463555584.000000 0.763198197 -0.023434665 0.945038497 -0.024598289 -0.284926802 -0.123408973 0.950253606
1403636689713555456.000000 0.745570064 -0.029501211 0.924531996 -0.039258469 -0.289468288 -0.118871436 0.948965967
1403636689963555584.000000 0.728183746 -0.034753852 0.911249936 -0.048095617 -0.293595642 -0.096123703 0.949867725
1403636690313555456.000000 0.708104670 -0.041273180 0.910301864 -0.041091789 -0.282496274 -0.116504744 0.951280177
1403636690563555840.000000 0.692978084 -0.053967174 0.916310191 -0.038530257 -0.283472300 -0.110586032 0.951803386
1403636690763555840.000000 0.681842566 -0.059978809 0.926832616 -0.038425624 -0.293603897 -0.077963144 0.951967478
1403636690913555712.000000 0.676047862 -0.059630081 0.939716637 -0.027717432 -0.300180942 -0.057607736 0.951737642
1403636691063555840.000000 0.676053584 -0.060702443 0.954486012 -0.002697443 -0.306042969 -0.043593448 0.951015294
1403636691213555456.000000 0.682571888 -0.064386912 0.969168425 0.019877506 -0.304267585 -0.053657964 0.950866401
1403636691363555584.000000 0.695863962 -0.071070522 0.981465042 0.031530447 -0.295693755 -0.086004108 0.950880826
1403636691613555456.000000 0.726368308 -0.087693445 0.993227899 -0.001074854 -0.296308756 -0.105748802 0.949219227
1403636691813555456.000000 0.753411174 -0.103729255 0.999955833 -0.004524328 -0.291640848 -0.127428457 0.947991133
1403636692113555456.000000 0.792757511 -0.120560378 1.010006428 0.000557187 -0.295735300 -0.115324162 0.948283017
1403636692463555584.000000 0.839754343 -0.146930024 1.013550639 -0.005006197 -0.289376050 -0.125202090 0.948978841
1403636692913555712.000000 0.891810000 -0.192139611 1.007882237 -0.011251730 -0.271094680 -0.160343572 0.949036956
1403636693263555840.000000 0.919437528 -0.217154399 1.000159025 -0.020362031 -0.279758245 -0.141859636 0.949313760
1403636693513555456.000000 0.930716276 -0.225882202 0.997923076 -0.046767410 -0.284133136 -0.133871540 0.948240280
1403636693913555712.000000 0.938942611 -0.237367809 1.009340405 -0.033086244 -0.288923234 -0.129324809 0.947999895
1403636694263555840.000000 0.938320518 -0.245935723 1.028139114 -0.004278750 -0.293353498 -0.123417296 0.947994530
1403636694613555456.000000 0.938650548 -0.257098913 1.042203903 -0.017106382 -0.291404784 -0.127307147 0.947936475
1403636695063555840.000000 0.939767003 -0.257699907 1.063984156 -0.020510100 -0.292707264 -0.108795211 0.949771225
1403636695413555712.000000 0.945537567 -0.263540417 1.081925988 -0.012961320 -0.282286137 -0.121464491 0.951521397
1403636695763555840.000000 0.950964510 -0.272756219 1.096232533 -0.007323337 -0.276562214 -0.126726240 0.952575564
1403636697563555840.000000 0.941393256 -0.262607992 1.103444219 -0.013209159 -0.262874007 -0.130110472 0.955925763
1403636697963555584.000000 0.920171142 -0.269100547 1.077577472 -0.014348669 -0.198022947 -0.107728705 0.974153757
1403636699363555584.000000 0.820140004 -0.212793991 1.019877791 -0.019666729 0.092395023 0.029670674 0.995085955
1403636700463555584.000000 0.808128595 -0.177021295 0.998603761 -0.009238861 0.243690893 0.086586967 0.965935886
1403636701313555456.000000 0.843447804 -0.130000591 0.979242861 -0.028102851 0.291021526 0.086925022 0.952344894
1403636702613555456.000000 0.920341015 -0.101046950 0.963912427 -0.022942470 0.393252164 0.113111027 0.912158012
1403636703213555456.000000 0.962292910 -0.061517477 0.985149622 -0.008821775 0.389417917 0.123611286 0.912686288
1403636703763555840.000000 1.005658031 -0.061033055 0.994130433 -0.012063426 0.390272886 0.111025132 0.913900971
1403636704263555840.000000 1.043262959 -0.055048421 1.002155066 -0.013112037 0.380950123 0.116418801 0.917143226
1403636704713555456.000000 1.080682278 -0.053335175 1.010362387 -0.037409294 0.379815966 0.111956030 0.917500019
1403636705113555456.000000 1.121360302 -0.050557151 1.034160852 -0.051647715 0.375479609 0.111348003 0.918667078
1403636705463555584.000000 1.163556814 -0.054612570 1.069323421 -0.024987215 0.378088742 0.098422602 0.920183480
1403636705963555584.000000 1.221755981 -0.063708067 1.132191658 -0.009761062 0.374686837 0.110754125 0.920460761
1403636706363555584.000000 1.269963622 -0.075948700 1.178581357 -0.007324236 0.372845083 0.100453980 0.922410965
1403636706763555840.000000 1.315569997 -0.081047714 1.223127127 -0.026534572 0.374773830 0.094572842 0.921898305
1403636707313555456.000000 1.374838352 -0.114366755 1.291471004 -0.026027765 0.387756944 0.097563334 0.916214228
1403636707813555456.000000 1.422636271 -0.164629787 1.360958815 -0.024858627 0.383670717 0.120685503 0.915212452
1403636708613555456.000000 1.513526797 -0.184176520 1.494793892 0.009219268 0.370755792 0.124061793 0.920360684
1403636709013555456.000000 1.561531305 -0.189925641 1.546079397 0.003452760 0.392761648 0.087549381 0.915456951
1403636709313555456.000000 1.586118937 -0.200249717 1.578031540 -0.005653244 0.400595933 0.089322902 0.911873043
1403636709963555584.000000 1.611037135 -0.216926247 1.656150937 -0.015666420 0.395975828 0.088701665 0.913832426
1403636710263555840.000000 1.613223791 -0.229055762 1.696716547 -0.011968329 0.388901323 0.087225504 0.917062879
1403636710563555840.000000 1.609787464 -0.232159555 1.742166758 0.002378472 0.354670346 0.113267668 0.928102255
1403636710813555456.000000 1.607487440 -0.226946458 1.777529478 0.004036692 0.320914268 0.094518103 0.942371488
1403636711313555456.000000 1.599448442 -0.233484820 1.831581712 -0.004581345 0.274355322 0.045486361 0.960541129
1403636711563555840.000000 1.589193463 -0.242391765 1.855078340 0.022635778 0.273407549 0.045828737 0.960539281
1403636712013555456.000000 1.554109097 -0.258544564 1.878892899 0.011998042 0.274610192 0.070017979 0.958927929
1403636712363555584.000000 1.520178080 -0.276057184 1.883192062 0.009944663 0.259802967 0.052600387 0.964176774
1403636713113555456.000000 1.430022120 -0.307131141 1.858750343 0.014858032 0.211209193 0.035810106 0.976671696
1403636713413555712.000000 1.389017701 -0.317143738 1.835799932 0.006415276 0.208139390 0.042303871 0.977162838
1403636713813555456.000000 1.336323500 -0.333708793 1.795592189 0.001367698 0.206059396 0.065762691 0.976326227
1403636714163555584.000000 1.299917936 -0.334573060 1.759847283 -0.003361662 0.217689469 0.055275507 0.974445820
1403636714613555456.000000 1.259947300 -0.319980055 1.714811206 -0.020763649 0.207311213 0.062059369 0.976083815
1403636716713555456.000000 1.183175325 -0.306609780 1.570183277 -0.004797804 0.095509820 0.006798472 0.995393693
1403636717363555584.000000 1.171788573 -0.284732491 1.512157321 -0.008412884 -0.005723994 -0.047140904 0.998836398
1403636717963555584.000000 1.146562696 -0.263658762 1.456418991 -0.008915273 -0.029685469 -0.065846041 0.997348309
1403636718663555584.000000 1.081425905 -0.228246421 1.390246630 -0.017775441 -0.149485409 -0.061755393 0.986673415
1403636719063555840.000000 1.051935792 -0.199805409 1.363132358 -0.011497306 -0.166049495 -0.086166590 0.982278347
1403636720413555712.000000 0.978500128 -0.137402490 1.250818133 -0.015221353 -0.152612075 -0.069520541 0.985720456
1403636720813555456.000000 0.968620539 -0.123339601 1.223690271 -0.016420124 -0.151994824 -0.067466073 0.985939324
1403636721963555584.000000 0.974562168 -0.096224099 1.161329746 -0.005772110 -0.035462778 -0.038854312 0.998598754
1403636722563555840.000000 0.977359772 -0.081762306 1.122425795 -0.006826309 -0.032015495 -0.038368464 0.998727322
1403636723313555456.000000 0.971706748 -0.067093812 1.071512699 -0.007884229 -0.022938598 -0.037099127 0.999017179
1403636724063555840.000000 0.958634794 -0.053328194 1.013607025 -0.018601947 0.031033834 -0.012807013 0.999263167
1403636725063555840.000000 0.936545491 -0.047814049 0.951513886 -0.011345659 0.118634015 0.022703681 0.992613614
1403636726513555456.000000 0.913742721 -0.064976417 0.888396621 -0.005652324 0.109636173 0.014327977 0.993852437
1403636727963555584.000000 0.904423952 -0.120585136 0.798110545 -0.004059902 0.102255210 -0.013507895 0.994658172
1403636728813555456.000000 0.861430168 -0.126600981 0.740582407 -0.002073010 0.073995106 -0.002484360 0.997253358
1403636729813555456.000000 0.806748807 -0.109528929 0.654350102 -0.004200368 0.029536592 -0.020595236 0.999342680
1403636730663555584.000000 0.753564477 -0.084471896 0.583590269 -0.032890067 0.026717130 -0.017200790 0.998953760
1403636731763555840.000000 0.716331184 -0.083672188 0.547048032 -0.008712640 0.025605762 -0.002486185 0.999631107
1403636732613555456.000000 0.722307384 -0.045965515 0.530594885 0.011097167 0.035806254 -0.046489056 0.998215199
1403636733763555840.000000 0.671908557 -0.043809105 0.427026212 -0.013902087 0.020877665 -0.024463695 0.999386013
1403636734963555584.000000 0.595405161 -0.026788002 0.317875206 -0.019674262 0.012401670 -0.022233251 0.999482334
1403636735713555456.000000 0.553530037 -0.026579665 0.273413092 -0.017654207 0.023522947 -0.013578510 0.999475181
1403636736763555840.000000 0.507523239 -0.047987722 0.233991951 -0.004007575 -0.021360239 -0.054083932 0.998299897
1403636737463555584.000000 0.463644981 -0.027243435 0.209091425 -0.013489033 -0.044435535 -0.039989498 0.998120427
1403636737963555584.000000 0.433070481 -0.036490042 0.188174352 -0.023084726 -0.051283907 -0.024166776 0.998124778
1403636739313555456.000000 0.429616809 -0.046708543 0.189758852 -0.007629449 0.145037234 0.038623422 0.988642633
1403636739963555584.000000 0.460419953 -0.031676561 0.196995318 -0.006389617 0.242852032 0.068423048 0.967626154
1403636740663555584.000000 0.486813873 0.003668791 0.206843093 -0.002468351 0.231091261 0.059518635 0.971106768
1403636741213555456.000000 0.502924502 0.037874814 0.211617082 0.001489405 0.243519351 0.042712804 0.968953967
1403636741863555584.000000 0.513968110 0.085949048 0.214844137 -0.017247578 0.254539847 0.066031963 0.964651167
1403636742513555456.000000 0.526564717 0.109476700 0.228218392 -0.013534005 0.237394229 0.060936306 0.969405770
1403636743163555584.000000 0.539502919 0.129884124 0.245937333 -0.026305450 0.241360351 0.071224704 0.967460692
1403636743863555584.000000 0.576033771 0.148138031 0.288359255 -0.012046536 0.262702197 0.071550280 0.962144971
1403636744463555584.000000 0.609908640 0.194144756 0.347515196 0.006929496 0.291122675 0.090137914 0.952404737
1403636745463555584.000000 0.662408292 0.289394647 0.407827258 0.000074675 0.276815325 0.069586709 0.958400190
1403636746163555584.000000 0.685085535 0.283150882 0.418797344 -0.001197793 0.316099763 0.060243603 0.946810544
1403636747813555456.000000 0.643974066 0.219976157 0.450317502 -0.011346499 0.311053693 0.080287576 0.946927071
1403636748713555456.000000 0.634787858 0.159526691 0.477646947 -0.001225945 0.316645384 0.092603348 0.944012105
1403636749463555584.000000 0.645968139 0.124254324 0.486552715 0.003176993 0.332915872 0.091900110 0.938462257
1403636750313555456.000000 0.649735630 0.096964270 0.475563914 0.009975221 0.318236411 0.079316087 0.944634914
1403636751363555584.000000 0.607486784 0.012331974 0.423370779 -0.020810230 0.303675413 0.082688391 0.948952496
1403636752463555584.000000 0.592090726 -0.064173751 0.395510495 0.000713492 0.248541027 0.062025957 0.966633141
1403636753313555456.000000 0.587520123 -0.090894021 0.384019077 -0.012178705 0.064235762 -0.031894121 0.997350574
1403636754313555456.000000 0.543046772 -0.092884719 0.378991038 0.009612909 0.023192300 -0.031842317 0.999177575
1403636756263555840.000000 0.355870783 -0.072237380 0.252604455 -0.003390820 -0.054872174 -0.053545471 0.997050881
1403636757113555456.000000 0.258208007 -0.056483477 0.181862712 0.001505188 -0.064463250 -0.051334430 0.996597707
1403636757813555456.000000 0.177802920 -0.033282708 0.108366638 -0.038579311 -0.084094763 -0.069755718 0.993264258
1403636758313555456.000000 0.112210110 -0.041436397 0.066745929 -0.003125405 -0.103848599 -0.059861984 0.992785156
1403636758763555840.000000 0.059935298 -0.030020468 0.044413880 -0.039624371 -0.108365968 -0.039175499 0.992548227
1403636759613555456.000000 0.012577941 0.004370760 0.042054787 -0.001411533 -0.107209086 -0.051660176 0.992892444
1403636760813555456.000000 0.011360984 0.041066062 0.024497971 -0.016743707 -0.102773316 -0.071571626 0.991985261
1403636761113555456.000000 0.007610910 0.050651845 0.020186385 -0.025501667 -0.104609452 -0.070158377 0.991707802
1403636761413555712.000000 -0.000113294 0.057523318 0.019160870 -0.036113914 -0.105360441 -0.069857113 0.991319835
1403636761663555584.000000 -0.008711489 0.056805640 0.021727594 -0.007789020 -0.107109472 -0.061432771 0.992316961
1403636762013555456.000000 -0.017043632 0.052839361 0.022688840 -0.007394427 -0.107429609 -0.053540111 0.992742479
1403636762613555456.000000 -0.032829057 0.053899027 0.024727486 -0.027287567 -0.112794511 -0.026768319 0.992882788
1403636762963555584.000000 -0.033745047 0.065020919 0.030970529 0.004549236 -0.101179719 -0.047295384 0.993732929
1403636763263555840.000000 -0.029063907 0.066807538 0.030236166 0.001204022 -0.069359578 -0.009345932 0.997547209
1403636763563555840.000000 -0.029037032 0.066617012 0.030142726 0.003191062 -0.069176152 -0.009455580 0.997554541
